eb 1 0 0 0 1e 0 0 0 0 0 0 0 6 0 0 0 ee ee 0 0 0 0 0 0 0 0 0 0 0 0 0 0 0 0 0 0 0 0 0 0 0 0 0 0 0 0 91 65 be
eb 1 0 0 0 1e 0 0 0 0 0 0 0 6 0 0 0 ee ee 1 0 0 0 0 0 0 0 0 0 0 0 0 0 0 0 0 0 0 0 0 0 0 0 0 0 0 0 8F AB be

MEGAPHONE
==========================================================================================
获取音频列表：
EB 01 00 00 00 01 00 00 00 00 00 00 00 0A 00 00 01 01 81 d1 BE  ---

开始录音："myrecord1"
EB 01 00 00 00 16 00 00 00 00 00 00 00 0A 00 00 01 02 6d 79 72 65 63 6f 72 64 31 00 00 00 00 00 00 00 00 00 00 00 01 e1 61 BE  ---

结束录音：
EB 01 00 00 00 02 00 00 00 00 00 00 00 0A 00 00 01 03 01 57 34 BE  ---

播放音频：id from 0~31
EB 01 00 00 00 03 00 00 00 00 00 00 00 0A 00 00 01 04 01 01 a8 F3 BE  --- 

播放控制：
EB 01 00 00 00 02 00 00 00 00 00 00 00 0A 00 00 01 05 01 87 60 BE  --- 

音量控制：
EB 01 00 00 00 02 00 00 00 00 00 00 00 0A 00 00 01 06 50 e3 09 BE  --- 
EB 01 00 00 01 02 49 00 00 00 00 00 00 0A 00 00 01 06 00 FF FF BE  返回成功

查看音频：
EB 01 00 00 00 02 00 00 00 00 00 00 00 0A 00 00 01 07 01 37 53 BE  --- 
EB 01 00 00 01 2B 60 00 00 00 00 00 00 0A 00 00 01 07 00 01 6D 75 73 69 63 32 32 32 32 2E 77 61 76 00 00 00 00 00 00 00 07 00 00 00 00 C0 07 00 01 01 80 3E 00 00 00 D0 07 00 10 00 FF FF BE

删除音频：
EB 01 00 00 00 02 00 00 00 00 00 00 00 0A 00 00 01 08 01 ff d0 BE  --- 
EB 01 00 00 01 03 75 00 00 00 00 00 00 0A 00 00 01 08 00 01 FF FF BE  返回成功

修改音频："hello1"
EB 01 00 00 00 16 00 00 00 00 00 00 00 0A 00 00 01 09 01 68 65 6c 6c 6f 31 00 00 00 00 00 00 00 00 00 00 00 00 00 00 72 74 BE  ---
EB 01 00 00 01 03 89 00 00 00 00 00 00 0A 00 00 01 09 00 01 FF FF BE  返回成功

暂停录音：
EB 01 00 00 00 02 00 00 00 00 00 00 00 0A 00 00 01 0A 01 4f e3 BE  --- 
EB 01 00 00 01 02 75 00 00 00 00 00 00 0A 00 00 01 0A 00 FF FF BE  返回成功

获取音频状态：
EB 01 00 00 00 01 00 00 00 00 00 00 00 0A 00 00 01 0B db 7e BE  ---
EB 01 00 00 01 08 1E 00 00 00 00 00 00 0A 00 00 01 0B 00 00 FF 00 FF FF FF BE

==========================================================================================
